834019144
-423916633
1441070236
-978342317
1157015408
174140253
-536665520
-503460029
302690922
-1203801237
-1218797791
726371190
-1381511798
239459780
-2009650300
812573478
-106121341
-1569568188
-1506833071
-768035504
847154497
-1791783694
-1969405255
-789593705
642478070
1819286661
1894738039
643785831
1938356339
1953146153
948522821
-1965854371
2056653752
1461093250
-1712294767
-989016091
-858987315
-2096469008
689230448
-405750236
2060150739
1767883285
2075769554
225369624
-1316679083
-508468077
2025107959
-2001178370
722672867
2102718746
1713044513
-1784322829
2053939681
-619330399
-926035317
-393602850
-1585848932
1130970098
-899648615
-880084340
2089999261
-561514388
1381139024
-450272484
-1096080062
-1706021628
-1337169657
177690012
-1284422263
-2121189492
-172838050
1261831156
163722799
-1985934792
2025886575
2055028226
641599993
706750812
1906902596
281554694
483158096
-438746758
-431928440
476450112
1974775315
-17458820
-777083776
-518807593
1758906280
613410109
2126286395
-2031304963
-1395713964
4406349
-1272976632
422785615
1503724237
804010229
-1656828121
-214265471
